0.000386119 -0.000561722
7.57845e-05 0.000546776
0.00012308 1.54981e-05
-6.32405e-05 1.52597e-05
0.000774242 -0.000158463
1.43547e-05 6.97765e-05
0.000377811 -0.00023751
0.00012585 -2.41809e-06
8.6572e-05 -0.00019031
-7.78064e-05 3.00491e-06
-0.000109315 -1.54015e-05
0.000102954 -0.000435665
-0.000371527 -0.000514641
-0.000168912 4.24348e-05
-0.0001346 -7.24662e-05
-0.000114704 -1.61913e-05
-0.000108195 -2.09387e-05
2.03848e-05 -0.000155672
-5.71385e-05 3.68264e-05
-0.000689492 -2.14321e-05
-8.52738e-05 -0.000102337
0.000154115 3.85586e-05
8.79401e-05 -7.15358e-05
-0.000110518 -0.000154737
0.000439953 -0.000498652
4.6338e-05 -8.00611e-06
8.95467e-05 7.12825e-05
2.76892e-05 0.000119183
-0.000486143 -0.00013493
-0.00011573 -1.40232e-05
-0.000125468 8.90642e-05
-4.52958e-05 -3.51034e-05
-0.000501871 -0.000296962
-0.000137256 6.36084e-05
-9.85991e-06 0.000128163
0.000420049 0.000110647
0.000132423 -1.11011e-05
-9.68575e-05 9.87295e-05
-6.75572e-05 4.17624e-05
-6.62599e-05 2.27359e-05
0.000156052 -0.000389904
-8.39047e-05 -9.45069e-05
0.000117796 9.82098e-05
-9.71183e-06 -4.66965e-06
-5.84899e-05 5.75334e-05
3.81935e-05 -2.63071e-05
-0.000100493 0.000138652
0.000580169 6.82985e-05
8.23699e-05 -5.59371e-05
9.50487e-07 -0.000119574
-6.49989e-05 -0.000138519
-7.40532e-05 0.000132833
-7.03167e-05 -6.13248e-05
8.02949e-05 6.92364e-05
8.53147e-05 3.25358e-05
5.05736e-05 2.6606e-05
8.80212e-05 0.000125699
8.09114e-05 -0.000102405
3.70555e-05 -2.3149e-05
-2.42484e-05 0.000137202
6.19497e-05 7.11363e-05
-2.71815e-06 6.77221e-05
-0.000387944 -0.000570334
2.25739e-05 0.00014795
3.73553e-05 -0.000101194
-2.95076e-08 3.96222e-05
-9.73307e-05 -8.028e-05
1.77147e-05 7.66991e-05
0.000396892 -0.000215031
-8.104e-05 1.93678e-05
-0.000416167 0.000116659
-4.10629e-05 -0.000147469
0.000142723 3.63947e-05
-0.000120277 -6.38869e-05
9.22307e-05 0.000108138
-0.000150751 1.61799e-05
0.000109531 -0.000106614
-3.70562e-06 7.93133e-05
7.99708e-05 0.000232838
-0.000149444 -3.93223e-05
3.11248e-05 2.10181e-05
2.13557e-05 -1.18259e-05
-9.88017e-06 -4.97617e-06
0.00138837 -0.00119794
-1.64795e-05 -1.46278e-05
0.000117118 -6.1335e-05
0.00015435 -3.6931e-06
-2.09587e-05 9.1535e-05
6.75512e-06 -0.000105012
-9.44734e-05 4.54914e-05
5.19911e-05 -0.000138579
8.3074e-05 2.73213e-05
0.000130529 -5.98487e-05
1.45156e-05 4.05461e-05
0.000152931 -2.24682e-05
-0.00126157 0.00102828
-0.000152048 -1.14995e-05
-8.9691e-06 -0.000108786
7.16038e-05 6.67982e-05
-1.14478e-05 -8.6464e-06
-4.75757e-05 2.24188e-05
-0.000121688 8.19415e-05
0.000307873 0.000824384
0.000610694 0.000248324
-6.77658e-05 -5.06127e-05
0.00011228 -1.97042e-05
-0.000128344 -7.30027e-05
-8.42661e-06 -9.30857e-07
-7.43708e-05 -9.37935e-05
-4.21852e-05 -4.44916e-05
7.08755e-05 -0.000196382
0.000139907 4.52958e-05
-3.98774e-05 0.000232607
0.000102649 5.90989e-05
-6.15064e-05 -0.000139007
7.90916e-05 -9.63314e-06
-1.2815e-06 -4.49643e-06
-6.34175e-05 -6.13648e-05
9.02507e-05 -8.34372e-05
-3.75649e-05 -0.000148281
-4.4859e-05 -0.00012533
-3.94257e-05 -1.78136e-05
-1.14224e-05 -0.000147801
8.72836e-06 -1.81161e-05
-5.69783e-05 -0.000109512
-0.000512101 0.000365589
-0.00010325 -7.23032e-05
-3.55095e-05 4.64916e-05
8.78815e-05 0.00012728
0.000189193 -0.000872523
-1.52979e-05 0.000122737
0.000768088 -0.000335094
-5.60086e-06 -0.000125071
2.27112e-05 6.45816e-05
1.18138e-05 0.000108287
6.43805e-05 -4.5842e-06
0.000296246 0.000456139
0.000242442 0.000249557
8.80659e-06 5.27501e-06
-8.22172e-06 2.21073e-07
-2.4382e-06 -6.21378e-05
6.45779e-06 -0.00014062
4.3177e-05 0.000127994
-0.000234351 -0.000212364
-0.000276327 -1.80635e-05
-3.1041e-06 -0.000115793
-0.0004896 -8.98505e-06
0.000102961 2.2138e-05
1.61063e-05 -0.00010708
6.09383e-05 -0.000118371
-3.3217e-05 8.60393e-05
-1.8151e-05 1.76996e-05
0.00013194 -4.7598e-05
0.000913396 0.000990205
0.000107512 -7.46474e-05
3.21046e-05 1.12131e-05
0.000192333 -0.000160486
-0.000277616 6.16293e-05
-9.32871e-06 1.89778e-05
-4.22033e-05 -3.74652e-05
2.01634e-05 0.00013534
-4.08292e-05 -6.38328e-05
5.01913e-06 0.00014863
-9.51402e-05 6.01839e-05
-0.000138618 2.9712e-05
-5.66253e-05 -0.000143468
4.50842e-06 0.000685044
-4.78672e-05 -2.93468e-06
-7.05617e-05 8.42316e-05
-7.1438e-05 0.000116764
0.000393428 0.000330489
-5.13159e-07 -6.59376e-06
-0.000126099 7.87117e-05
-0.000175342 0.000272036
9.34638e-05 8.06488e-05
2.87285e-05 -0.000123795
9.696e-06 -0.000101261
2.41231e-05 4.80153e-05
4.12357e-05 5.22491e-05
0.000121932 4.54057e-05
-1.10429e-05 -0.000151634
0.000152707 7.38609e-06
8.41301e-05 0.00012642
0.000143677 -4.16848e-06
-3.86154e-05 0.000411026
-2.94382e-05 -0.000149924
5.004e-05 0.000134811
-0.000146437 4.9212e-05
-3.4336e-05 -1.91559e-05
3.87914e-05 -5.91837e-05
7.9968e-05 -7.7243e-05
4.43049e-05 4.58676e-07
-0.000697173 -0.000501856
-4.61563e-05 -0.000146139
-0.000126652 -1.98344e-05
0.000364333 0.000542775
0.000127345 7.3595e-05
0.000121146 -1.63284e-06
-3.25404e-05 -9.96946e-06
9.2132e-05 -4.4032e-05
0.000147831 4.11635e-05
0.000135157 -0.000107713
7.56569e-05 -5.03436e-05
0.000149813 2.12766e-06
9.87726e-06 -0.000142412
0.000154022 1.00818e-05
-0.000245064 -0.000489078
8.46281e-06 0.000367351
2.48e-06 0.000145277
2.17799e-05 -0.000143256
-0.000349842 -0.000186332
-4.88171e-05 -6.64536e-05
7.13691e-05 -0.000132035
5.06602e-05 -4.4737e-05
4.96842e-05 7.88756e-05
0.000561744 -0.00104138
-5.30002e-05 -0.000685304
0.000112245 -5.77392e-05
-6.11003e-05 9.90257e-05
-6.78822e-05 -3.76371e-06
-0.000121932 5.75222e-05
-9.99738e-05 -0.000368379
-2.68784e-05 -0.000129718
-3.59565e-05 3.55532e-07
8.41171e-05 2.25003e-05
0.000117771 -2.60938e-07
0.000143055 -2.7346e-06
0.000135381 4.38616e-05
-2.93748e-05 0.000206873
-4.1817e-06 2.07135e-05
5.99679e-05 -0.000135545
-6.07856e-05 2.29785e-05
5.31459e-06 -5.46053e-05
-4.43384e-05 -0.000177011
-6.33309e-05 -0.000459909
-9.55667e-05 -4.14974e-05
-7.82609e-05 8.7861e-05
-3.96976e-05 0.000133684
-6.24359e-05 7.12601e-06
-0.000132903 7.76686e-05
-5.75259e-05 -3.54508e-06
-6.23297e-05 -8.78349e-05
1.54581e-05 4.97922e-05
6.60475e-05 -4.547e-05
-0.000145532 2.50335e-05
-6.80499e-05 -8.5488e-05
0.000105839 -7.77282e-05
-9.54103e-05 -8.94163e-05
0.000519432 0.000217836
1.61342e-05 -6.45854e-05
0.000181712 0.00016772
-6.55539e-05 -2.52519e-05
4.06441e-06 5.98216e-05
-0.00010273 7.6008e-05
6.71605e-05 4.18243e-05
-2.40235e-06 -4.36343e-05
-7.41594e-05 0.000154361
-0.00010157 0.000115724
-1.44071e-05 4.92288e-05
6.32163e-05 -3.30755e-05
-0.000110731 7.80895e-05
8.0809e-05 0.000226334
-0.000137683 9.11132e-05
1.33878e-05 0.000185296
-1.61161e-05 1.00776e-05
-0.000150207 3.07774e-05
0.000139762 -6.59544e-05
0.00060299 -0.000287313
-0.000100309 -0.000115085
0.000244379 -0.000114877
1.9056e-05 6.02044e-05
0.000144633 3.75109e-05
1.8772e-06 0.000154413
-5.84237e-05 -0.000133581
-4.54411e-05 -3.40566e-05
-0.00012874 6.74138e-05
-7.0408e-06 1.79745e-07
0.000121469 -8.79064e-06
-0.000102755 9.95677e-05
-6.86906e-05 -5.21531e-05
-0.000533722 -0.000272322
-0.000521749 -0.000158239
0.000105478 5.17759e-05
0.000900082 -0.000788718
0.000142522 -5.83623e-05
0.00131302 0.00156776
7.56234e-07 2.8871e-06
0.000284325 0.000550799
6.32256e-05 -1.08769e-05
-0.000268899 6.17262e-05
-0.000269856 -0.00042773
-0.000146687 4.97475e-05
-8.32826e-05 0.000130259
-9.01893e-05 1.91573e-05
5.44339e-05 -4.80376e-06
-6.27488e-05 5.29615e-05
-2.41459e-05 -8.02074e-05
-1.67266e-05 3.17395e-06
2.78456e-05 -0.000141032
-3.44696e-05 -1.92928e-05
1.76877e-05 -2.28286e-05
0.00110839 -0.000735749
-3.8452e-07 -1.32322e-05
0.000518076 0.000985391
-1.52308e-07 -0.000139225
-5.31832e-05 -0.000145454
5.89266e-05 5.2508e-05
0.000235856 6.19553e-05
0.00034032 0.000733703
8.41767e-05 -0.000412673
-9.41325e-05 0.000122653
8.37408e-05 0.000122327
9.19914e-06 -6.97486e-05
-9.29832e-05 -1.94879e-05
-6.2759e-05 -0.000745237
-9.79751e-06 -3.16277e-06
0.000261642 -8.86638e-05
8.44093e-06 -1.86607e-05
-0.000217713 7.36322e-05
-5.61923e-05 1.28355e-05
8.94181e-05 -8.85613e-05
1.87396e-05 -3.54308e-05
-0.000150498 -2.22088e-05
0.000146342 1.42616e-05
-6.28633e-05 0.000110149
7.09631e-05 9.57772e-05
5.00702e-07 -1.89655e-05
-0.000122964 -9.25213e-05
9.76841e-06 -0.000150006
0.00015337 1.2724e-05
7.00809e-06 0.000151012
-0.000559896 -0.000574693
-7.52034e-05 4.00478e-05
6.33001e-05 -8.00788e-05
0.000132408 7.93096e-05
-0.00013157 6.77491e-06
-5.67613e-05 7.12285e-05
-2.32616e-05 -0.000141062
-0.000140974 -1.7086e-05
5.15468e-05 4.28893e-05
6.4265e-05 -1.22306e-06
-0.000675097 0.000448123
0.00043036 9.13236e-05
1.16401e-06 0.000120334
7.05291e-06 0.000151973
-1.76015e-05 -6.10424e-06
0.000485487 7.91559e-05
-5.09089e-05 -0.00014166
-9.02601e-05 -9.07853e-05
-4.46907e-06 -8.04188e-05
0.000327975 -0.00049074
-7.82572e-05 -0.000100967
2.12975e-05 9.74778e-05
-0.000130517 -8.07457e-05
0.000368163 5.0649e-05
0.000116546 -1.21333e-05
0.000211805 0.000204336
-0.000102632 -0.000114636
-6.52857e-06 -1.39102e-05
-0.000118334 -1.0971e-05
-7.22706e-05 4.33542e-06
2.57553e-05 -0.000149053
9.57735e-05 -2.71918e-05
5.30137e-05 0.000336267
0.00013376 -7.74711e-05
0.000142891 -3.47961e-05
-4.80562e-06 -3.78117e-06
-7.83093e-05 -2.64253e-05
6.53528e-05 -2.96775e-05
3.02163e-05 0.000115484
3.44776e-05 -3.74811e-06
-0.000128625 -1.78968e-05
-0.000154495 4.54223e-07
0.00011682 7.6252e-05
3.95197e-05 8.1622e-05
-0.000152037 -5.72065e-06
9.63882e-05 9.38009e-05
-0.000139879 2.38358e-05
5.24111e-05 -6.23253e-06
-9.24468e-05 4.71435e-05
1.48788e-05 -1.57673e-06
8.11298e-06 0.000153959
0.000331543 -0.000179794
-7.63731e-06 -9.04799e-05
8.1161e-05 -0.000130001
0.000139125 -1.32158e-06
-1.87231e-06 -6.98417e-05
4.5917e-05 0.000133988
-1.86157e-05 0.000152115
-4.82425e-06 1.4957e-06
-7.70604e-05 -1.03737e-05
-0.000144726 -1.79259e-05
5.81807e-05 -0.000143431
0.000143338 0.000107102
-1.84861e-05 7.54399e-05
5.49108e-06 6.13928e-06
-0.000882737 0.000525385
-0.000153262 -1.59303e-05
-5.90489e-08 1.08613e-06
-8.02539e-05 1.84989e-05
5.77597e-05 -7.56122e-05
0.000144845 -1.70104e-05
2.42903e-05 0.000151992
4.20958e-06 1.54004e-05
0.000273459 -0.000155307
0.000106523 2.44519e-05
-0.000680804 -0.000867456
0.000116922 -1.23857e-05
-9.19625e-05 0.000107639
-1.10036e-05 4.47519e-05
0.000102684 3.06778e-05
-3.32091e-05 -2.71047e-05
-0.000194401 -7.10902e-06
-8.88687e-05 0.000123551
3.61083e-05 0.000145759
-0.000134204 -4.89643e-05
0.000225499 1.8538e-06
-5.37075e-05 -8.466e-05
-9.86662e-05 4.45e-05
-4.55203e-05 -2.97711e-05
-7.90134e-06 0.000211217
9.10964e-05 0.000124458
-4.78895e-05 -0.000137024
0.000348408 0.000389613
-4.50313e-05 4.62383e-05
-2.74396e-05 0.000198305
0.000105342 3.73868e-07
-7.33435e-05 4.193e-05
-5.41694e-05 2.69152e-05
-7.82497e-05 1.72353e-06
3.98122e-05 4.16264e-05
-4.27221e-06 0.000109777
2.71122e-05 0.000147659
-8.37902e-05 -2.90927e-05
6.28484e-05 1.61864e-05
-4.96032e-05 -1.05245e-06
0.000103258 -0.000108531
-8.83369e-05 -4.37871e-05
3.74578e-06 -2.28733e-05
7.32969e-05 -5.77373e-05
-4.37913e-05 4.96786e-05
-9.62801e-05 -2.26973e-05
-0.000105144 -0.000113461
-8.97273e-05 -0.000116494
-0.000506759 5.83548e-05
-8.30069e-05 2.25361e-05
-0.000111874 3.42471e-05
0.000951655 -0.000565227
-0.000120334 7.67186e-05
1.93296e-05 7.86707e-05
-0.000742547 -6.85388e-05
-7.53663e-05 -2.82186e-05
-5.8352e-06 7.31796e-05
7.76853e-05 -0.000794761
1.83065e-05 0.000149444
7.75456e-05 9.54475e-05
3.75314e-05 -0.000133205
-0.000107281 -5.85951e-05
8.21296e-05 -0.000125419
-0.00015853 -0.000215597
-8.45082e-05 6.43032e-06
-3.40892e-05 0.000150315
0.000106841 3.47504e-05
-1.45175e-05 -9.17166e-06
0.000143345 -5.29289e-05
-7.27065e-05 -1.0016e-05
-0.000100875 -0.000110017
-2.88449e-05 -2.2009e-05
-4.46877e-05 -0.000125851
-0.000122774 1.5659e-05
-0.000144809 5.45289e-05
-0.000128388 -1.70693e-05
-0.000198014 0.000119362
8.64984e-05 -4.34485e-05
6.07446e-05 -8.72891e-05
4.4385e-05 -0.00013249
0.00026802 0.000113538
-7.17714e-05 -1.20876e-05
0.000132982 -4.12145e-06
-1.94088e-05 1.04262e-06
-0.000273339 0.000188224
5.14397e-05 -0.000145752
2.95248e-05 -7.59177e-05
5.89732e-05 -0.000130329
9.68184e-05 -6.05555e-05
1.90549e-06 6.47157e-05
0.000566673 -0.00101534
6.33197e-05 0.000131434
0.000388458 0.000328831
-0.000149831 -3.75854e-05
-0.000101447 2.68761e-05
-3.01274e-05 0.000144305
-0.000134341 -0.000247188
0.000102263 6.10538e-05
4.9036e-05 0.000135049
-4.0425e-05 -0.000184104
3.09199e-07 -4.74975e-08
1.49012e-07 1.15484e-07
0.000955589 0.000424508
1.47866e-05 0.000149526
