0.000131737 -0.000191644
2.07219e-05 0.000149503
0.000148075 1.86453e-05
-7.3079e-05 1.76337e-05
0.000295706 -6.05229e-05
1.66222e-05 8.08015e-05
7.16299e-05 -4.50313e-05
0.000152173 -2.92389e-06
-2.36835e-05 5.20647e-05
-0.000207797 8.02451e-06
-0.000129642 -1.8266e-05
1.97627e-05 -8.36253e-05
-0.000118908 -0.000164703
7.50348e-05 -1.88537e-05
-0.000176413 -9.498e-05
-0.000136675 -1.92926e-05
-0.000128621 -2.48915e-05
-1.13416e-05 8.6613e-05
-0.000171479 0.000110522
-0.000237554 -7.38446e-06
-0.000143174 -0.000171829
-8.39829e-05 -2.10144e-05
0.000104541 -8.50409e-05
3.98271e-05 5.57601e-05
0.000146829 -0.000166416
5.33266e-05 -9.21357e-06
0.0001067 8.49366e-05
5.02542e-05 0.000216316
-0.000116326 -3.22852e-05
-0.000138236 -1.67503e-05
-0.000175914 0.000124879
-0.000157565 -0.000122119
-0.000146851 -8.68924e-05
-0.000177551 8.22833e-05
-1.19511e-05 0.000155341
7.54297e-05 1.98707e-05
0.000161331 -1.35247e-05
-0.000119558 0.000121869
-7.85571e-05 4.85615e-05
-7.68835e-05 2.63818e-05
2.56877e-05 -6.41793e-05
6.95437e-05 7.83317e-05
0.00016655 0.000138862
0.000150431 7.23843e-05
-6.80052e-05 6.6895e-05
4.39542e-05 -3.0275e-05
4.63687e-05 -6.39781e-05
0.000170298 2.00476e-05
0.000178676 -0.000121342
1.13783e-06 -0.000143146
-8.51918e-05 -0.000181554
-0.000106601 0.000191212
-8.24584e-05 -7.19102e-05
9.50126e-05 8.19275e-05
9.9849e-05 3.80781e-05
5.83171e-05 3.06796e-05
0.000123873 0.000176899
9.83262e-05 -0.000124443
0.000164285 -0.000102626
-3.00128e-05 0.000169823
7.26413e-05 8.34139e-05
-3.14758e-06 7.8422e-05
-0.000133656 -0.000196502
2.89278e-05 0.000189595
-3.98308e-05 0.000107907
1.13403e-07 -0.000152312
-0.000117661 -9.70531e-05
2.0555e-05 8.89953e-05
7.76201e-05 -4.20511e-05
-0.000204515 4.88805e-05
-7.32839e-05 2.05431e-05
-5.8325e-05 -0.000209462
0.000181209 4.62108e-05
-0.000147671 -7.84416e-05
0.000114808 0.000134604
-0.000217933 2.33911e-05
0.000155438 -0.000151295
-4.30894e-06 9.22242e-05
-1.17552e-05 -3.42205e-05
-0.000202991 -5.34123e-05
-0.000127006 -8.57972e-05
2.44763e-05 -1.3554e-05
-1.13017e-05 -5.69195e-06
0.000744134 -0.000642084
-1.88479e-05 -1.67305e-05
0.00014269 -7.47275e-05
0.00020659 -4.94317e-06
-2.45767e-05 0.000107335
1.39801e-05 -0.000217326
0.000105239 -5.06733e-05
6.58305e-05 -0.000175465
0.000201046 6.61127e-05
0.000163388 -7.49128e-05
6.5105e-05 0.000181854
0.000210214 -3.08845e-05
-0.000656322 0.000534967
-0.000217896 -1.64798e-05
-1.06376e-05 -0.00012902
0.000157449 0.000146881
0.000132009 9.96925e-05
0.000131257 -6.18584e-05
-0.000153616 0.000103437
0.000125661 0.000336468
0.000202775 8.24519e-05
-7.89724e-05 -5.89835e-05
0.000133788 -2.34779e-05
-0.000192963 -0.00010976
-0.000175498 -1.93869e-05
-8.90456e-05 -0.000112301
-4.86393e-05 -5.12982e-05
-1.95038e-05 5.40465e-05
0.000176622 5.71832e-05
7.0231e-06 -4.09633e-05
0.000122892 7.07516e-05
-7.98339e-05 -0.000180434
0.000207234 -2.52398e-05
-4.79259e-05 -0.000168148
-7.40644e-05 -7.16671e-05
0.000108565 -0.00010037
-4.92423e-05 -0.000194382
-5.47944e-05 -0.000153087
-4.52748e-05 -2.04567e-05
-1.70714e-05 -0.000220895
7.92593e-05 -0.000164554
-0.000102593 -0.000197187
-0.000162102 0.000115722
-0.000124818 -8.74093e-05
8.64379e-05 -0.000113152
0.00011766 0.000170408
7.78418e-05 -0.000358976
-1.84032e-05 0.000147654
0.000304937 -0.000133038
-6.75488e-06 -0.000150841
-4.54579e-05 -0.000129279
-1.2456e-05 -0.000114173
7.4395e-05 -5.29725e-06
7.93673e-05 0.000122212
1.75796e-05 1.81012e-05
0.000152133 9.11262e-05
-0.000176359 4.73729e-06
5.49038e-06 0.000139922
8.01543e-06 -0.000174532
5.28828e-05 0.000156768
-4.15742e-06 -3.76254e-06
1.69873e-05 1.11107e-06
-3.6984e-06 -0.000137962
-0.000112407 -2.06311e-06
0.000121817 2.61927e-05
-1.70581e-05 0.00011342
0.000102369 -0.000198845
-3.88753e-05 0.000100696
-2.07617e-05 2.02456e-05
0.00016333 -5.89229e-05
0.000448696 0.000486426
0.000130972 -9.09343e-05
0.000178631 6.23986e-05
-2.55406e-05 2.13124e-05
1.30162e-05 -2.88896e-06
-1.06688e-05 2.17045e-05
-4.86658e-05 -4.32022e-05
2.48232e-05 0.000166614
-0.000111524 -0.000174351
6.3742e-06 0.000188755
-0.000185717 0.000117477
-0.000172513 3.69763e-05
-7.55182e-05 -0.000191333
1.54349e-06 0.000234522
-5.50854e-05 -3.37721e-06
-8.36905e-05 9.99039e-05
-8.79448e-05 0.000143742
9.7245e-05 8.16882e-05
-1.36197e-05 -0.000175193
-0.000160592 0.000100238
-5.59911e-06 8.67248e-06
0.000168283 0.00014521
5.04125e-05 -0.000217233
2.06307e-05 -0.000215463
-6.50585e-05 -0.000129476
4.76446e-05 6.03674e-05
0.000209343 7.79573e-05
-1.5894e-05 -0.000218246
-8.99285e-05 -4.34928e-06
0.000108849 0.000163566
0.000223067 -6.47176e-06
-6.05593e-06 6.4455e-05
-3.84566e-05 -0.000195853
7.76434e-05 0.000209171
-0.000196725 6.61137e-05
-3.93479e-05 -2.19522e-05
-7.44499e-05 0.000113584
9.48384e-05 -9.16095e-05
0.000193518 2.00304e-06
-0.000280805 -0.000202134
-6.07036e-05 -0.000192203
-0.000220492 -3.45311e-05
0.000119794 0.000178471
0.000192214 0.000111086
0.000221811 -2.9896e-06
-3.7292e-05 -1.14253e-05
0.000108765 -5.19808e-05
0.00019446 5.41471e-05
-6.14151e-05 4.89466e-05
0.000177328 -0.000118008
0.000220723 3.13472e-06
1.2295e-05 -0.000177275
0.000206146 1.34939e-05
-6.60941e-05 -0.000131905
8.48551e-07 3.68431e-05
3.12083e-06 0.000182817
2.73408e-05 -0.000179833
-4.85554e-05 -2.58647e-05
-5.68847e-05 -7.7433e-05
9.11923e-05 -0.000168713
0.000152685 -0.000134833
-6.58892e-05 -0.000104606
0.000263762 -0.000488974
-1.8253e-05 -0.000236005
0.000135364 -6.96341e-05
-0.000115916 0.000187855
0.000137188 7.60681e-06
-0.000149323 7.04434e-05
-1.1988e-05 -4.41745e-05
-3.27458e-05 -0.000158038
0.000153914 -1.52248e-06
9.82294e-05 2.62754e-05
0.00022113 -4.89912e-07
0.00022319 -4.26645e-06
0.000212505 6.8849e-05
8.05594e-06 -5.67362e-05
-4.79317e-06 2.37424e-05
8.95895e-05 -0.000202499
-7.03847e-05 2.66077e-05
1.92444e-05 -0.000197742
1.76467e-05 7.04527e-05
-1.3195e-05 -9.58219e-05
-0.00011283 -4.89927e-05
-9.3475e-05 0.000104943
-4.91426e-05 0.000165487
-0.000200562 2.2891e-05
-0.000186384 0.000108924
-0.000199217 -1.22781e-05
-7.37403e-05 -0.000103913
5.84703e-05 0.000188321
7.6971e-05 -5.2989e-05
-0.000218693 3.76175e-05
7.13766e-05 8.96789e-05
0.000128934 -9.46876e-05
-0.000116231 -0.000108931
0.000145622 6.10687e-05
4.93284e-05 -0.000197448
-2.58796e-05 -2.38866e-05
-0.000191394 -7.37291e-05
4.68624e-06 6.89756e-05
-0.000124505 9.21199e-05
7.80998e-05 4.86374e-05
-1.06485e-05 -0.000193425
3.42131e-05 -7.12126e-05
-0.000141166 0.000160834
-1.65785e-05 5.66486e-05
7.31964e-05 -3.82974e-05
-0.000135601 9.56254e-05
-1.33011e-05 -3.72529e-05
6.897e-05 -4.56423e-05
-5.08782e-06 -7.04229e-05
-1.84323e-05 1.1526e-05
-0.000212379 4.3517e-05
0.000193622 -9.13683e-05
0.000201747 -9.61237e-05
-0.000143042 -0.000164108
-1.93119e-05 9.08226e-06
2.19713e-05 6.94143e-05
0.000184778 4.79231e-05
2.53069e-06 0.000208158
-8.92188e-05 -0.000204001
-0.000159174 -0.000119284
-0.000161629 8.46349e-05
-0.000176031 4.4991e-06
0.000145789 -1.05504e-05
-0.000160335 0.000155354
-8.02241e-05 -6.09085e-05
-0.00016097 -8.21315e-05
-0.00014057 -4.26341e-05
0.000198361 9.73679e-05
0.000424273 -0.000371777
0.000188146 -7.70446e-05
0.000721589 0.000861578
4.41242e-05 0.000168461
8.84719e-05 0.000171386
-0.00013712 2.35876e-05
1.7561e-05 -4.0289e-06
-6.50361e-05 -0.000103086
-0.000197835 6.70934e-05
-0.00011269 0.000176251
0.000120968 -2.56952e-05
-0.000143588 1.26739e-05
-7.31191e-05 6.17122e-05
-2.81394e-05 -9.34741e-05
0.000161041 -3.05511e-05
4.32199e-05 -0.000218902
-3.95025e-05 -2.21098e-05
0.000114173 -0.00014735
0.000542969 -0.000360429
-5.20132e-06 -0.000179041
0.000236854 0.000450484
-2.4472e-07 -0.000223696
-7.14827e-05 -0.000195496
-9.78857e-05 -8.72388e-05
-3.61204e-05 -9.48831e-06
0.000131704 0.000283942
1.40425e-05 -6.88508e-05
-0.000128856 0.000167891
0.000125311 0.000183046
2.68305e-05 -0.000203453
-0.000209775 -4.39687e-05
-2.30488e-05 -0.000273682
0.000159238 5.13736e-05
-1.67936e-05 5.68666e-06
9.65374e-06 -2.13413e-05
4.2811e-05 -1.44802e-05
-0.000194546 4.44353e-05
-7.47181e-05 7.40103e-05
2.15198e-05 -4.06881e-05
-0.000195341 -2.88272e-05
0.000184759 1.80055e-05
-7.5995e-05 0.000133162
8.49543e-05 0.000114661
4.79829e-06 -0.000181656
-0.000162862 -0.000122542
1.43256e-05 -0.00021999
0.000202429 1.67941e-05
1.01775e-05 0.000219312
-0.000215836 -0.000221543
-8.76309e-05 4.66653e-05
0.000134341 -0.000169955
0.000184176 0.000110324
-0.00022319 1.14932e-05
-6.64387e-05 8.33739e-05
-3.63397e-05 -0.00022037
-0.000175469 -2.12668e-05
-0.000105586 -8.7861e-05
0.000202347 -3.85079e-06
-0.000261948 0.000173878
7.92593e-05 1.68197e-05
2.14449e-06 0.000221718
9.1265e-06 0.000196658
-2.01331e-05 -6.9823e-06
0.000111908 1.82446e-05
-6.54394e-05 -0.00018209
-0.0001573 -0.000158213
-5.1962e-06 -9.35048e-05
9.7163e-05 -0.000145383
-0.000136627 -0.000176262
2.50873e-05 0.000114821
-0.000171708 -0.000106223
3.91752e-05 5.3905e-06
0.00013919 -1.44909e-05
-5.25266e-06 -5.06267e-06
-0.000143245 -0.000159994
-7.65864e-05 -0.000163089
-0.000220388 -2.04318e-05
-8.38628e-05 5.03083e-06
3.31188e-05 -0.000191668
0.000112547 -3.19546e-05
3.19816e-06 2.02879e-05
0.000185285 -0.000107313
0.000215806 -5.25527e-05
-0.000137735 -0.000108521
-0.000198811 -6.70869e-05
0.000187237 -8.50316e-05
3.61726e-05 0.000138249
0.000187982 -2.04337e-05
-0.000156296 -2.17468e-05
-0.0002083 6.12403e-07
0.000144593 9.43793e-05
4.62527e-05 9.55248e-05
-0.000197342 -7.4252e-06
0.00011803 0.000114864
-0.0001741 2.96677e-05
6.03124e-05 -7.17212e-06
-0.000193562 9.87034e-05
0.000178829 -1.89543e-05
1.07465e-05 0.000203934
3.74988e-05 -2.03364e-05
1.04993e-05 0.000124402
0.000106402 -0.000170434
0.00022373 -2.12528e-06
-5.4891e-06 -0.000204757
7.24383e-05 0.00021138
-2.45618e-05 0.0002007
0.000162605 -5.04628e-05
-8.961e-05 -1.20634e-05
-0.000182649 -2.2623e-05
7.79033e-05 -0.000192052
-5.99921e-05 -4.48264e-05
-2.14481e-05 8.75285e-05
0.000117619 0.000131477
-0.000390083 0.000232168
-0.000204388 -2.12439e-05
-6.75436e-08 1.24237e-06
-0.000204198 4.70756e-05
6.77304e-05 -8.86647e-05
0.000182791 -2.14665e-05
3.2065e-05 0.000200637
-4.34648e-05 -0.000158947
4.36604e-06 -2.48477e-06
0.000126339 2.9e-05
-0.000310641 -0.000395805
-0.000109248 1.15712e-05
-0.000145158 0.000169896
-4.64022e-05 0.000188679
-0.000110783 -3.30973e-05
-3.81367e-05 -3.11267e-05
6.55949e-05 2.39909e-06
-0.000115341 0.000160353
4.64134e-05 0.00018736
-0.000167523 -6.1119e-05
-4.80935e-05 -3.95288e-07
-6.32554e-05 -9.97139e-05
-0.000117008 5.2772e-05
-5.2494e-05 -3.43323e-05
2.09524e-06 -5.60135e-05
0.000121072 0.000165422
-7.34953e-05 -0.000210293
8.86507e-05 9.91412e-05
-0.000141352 0.000145145
8.54675e-06 -6.17653e-05
0.000124348 4.41323e-07
-0.000182822 0.000104522
-0.000179667 8.92673e-05
-9.09893e-05 2.00412e-06
0.000137959 0.00014424
-8.51357e-06 0.000218753
3.46415e-05 0.000188667
-9.78569e-05 -3.39765e-05
7.26143e-05 1.87026e-05
-5.70789e-05 -1.21105e-06
0.000152057 -0.000159826
-0.000104052 -5.15752e-05
2.96896e-05 -0.000181366
8.57832e-05 -6.75721e-05
-5.06006e-05 5.74044e-05
-0.000113406 -2.67348e-05
-0.000141274 -0.000152448
-0.000113582 -0.000147462
-0.000123918 1.42688e-05
-0.000203732 5.53187e-05
-0.000133615 4.09018e-05
0.000434756 -0.000258211
-0.000150194 9.57586e-05
4.99059e-05 0.000203118
-0.000271492 -2.506e-05
-8.76309e-05 -3.2811e-05
-1.64006e-05 0.000205681
2.98722e-05 -0.000305615
2.35348e-05 0.000192117
9.32934e-05 0.00011483
6.06794e-05 -0.000215352
9.43318e-05 5.15208e-05
0.000105254 -0.000160728
1.33887e-05 1.82129e-05
-0.000210162 1.59908e-05
-4.53074e-05 0.000199784
0.000127003 4.13102e-05
0.000138402 8.74735e-05
0.000204522 -7.55182e-05
-8.43666e-05 -1.16222e-05
-0.000149174 -0.000162702
0.000122111 9.31956e-05
-5.4582e-05 -0.000153719
-0.000147702 1.88383e-05
-0.000198249 7.46539e-05
0.000101887 1.35461e-05
3.84748e-05 -2.31899e-05
0.000101659 -5.10649e-05
7.18739e-05 -0.000103283
5.49434e-05 -0.000163998
-8.45641e-06 -3.58187e-06
-0.000203017 -3.41889e-05
0.000223503 -6.92718e-06
0.000162378 -8.72067e-06
-1.29864e-05 8.9407e-06
6.86245e-05 -0.000194445
7.59345e-05 -0.000195235
9.20407e-05 -0.000203408
0.000115363 -7.21561e-05
-4.07861e-06 -0.000138521
0.000264022 -0.000473067
7.99205e-05 0.000165885
9.43765e-05 7.98889e-05
-0.000202741 -5.08586e-05
0.000112824 -2.9888e-05
-3.81456e-05 0.000182709
7.20099e-06 1.32546e-05
0.000190176 0.000113541
-3.26037e-05 -8.97944e-05
1.48145e-05 6.74725e-05
0.000170603 -2.65939e-05
-0.000134528 -0.000107557
0.000425689 0.000189107
2.1664e-05 0.000219058
