0.0190097 -0.0276551
0.00398058 0.0287188
-0.000160486 -2.02088e-05
-7.43363e-05 1.79373e-05
0.0366657 -0.00750437
1.48993e-05 7.24234e-05
0.0213813 -0.0134419
-0.000186384 3.58152e-06
0.00703632 -0.0154691
0.00621967 -0.000240187
4.39212e-05 6.18724e-06
0.00582486 -0.0246486
-0.0186822 -0.0258784
-0.0152862 0.00384013
0.000911325 0.000490647
8.24034e-05 1.16322e-05
4.39398e-05 8.50298e-06
0.00196578 -0.0150121
0.00558329 -0.00359875
-0.0338318 -0.00105163
0.00223305 0.00267998
0.0147342 0.00368685
-4.99673e-05 4.06429e-05
-0.00947468 -0.0132655
0.0218084 -0.0247186
6.88899e-05 -1.19018e-05
-5.74887e-05 -4.57577e-05
-0.000934575 -0.00402278
-0.0263023 -0.00730012
9.01073e-05 1.09188e-05
0.00147019 -0.00104366
0.00561167 0.00434943
-0.0258998 -0.0153252
0.000807956 -0.000374433
1.68183e-05 -0.000218607
0.0240605 0.00633775
-0.000280999 2.35569e-05
0.000274096 -0.000279389
-5.58011e-05 3.44962e-05
-7.0516e-05 2.41967e-05
0.00905684 -0.0226285
-0.00932239 -0.0105
-0.00145543 -0.00121345
-0.00881778 -0.00424299
-4.3992e-05 4.3273e-05
5.71273e-05 -3.93474e-05
-0.00918801 0.0126764
0.0299396 0.00352456
-0.00433692 0.00294524
-9.25036e-07 0.000116371
0.000442736 0.000943527
0.00101899 -0.00182778
-2.61553e-05 -2.28081e-05
-1.44131e-05 -1.24238e-05
3.80985e-05 1.45305e-05
6.71335e-05 3.53167e-05
-0.00104368 -0.00149048
-0.00015299 0.000193622
-0.00646274 0.00403725
7.23852e-05 -0.000409581
2.06959e-05 2.37711e-05
-3.03623e-06 7.56495e-05
-0.0190357 -0.0279855
-0.000118513 -0.000776738
0.00463282 -0.0125493
-8.07896e-06 0.0108513
0.000146121 0.000120524
1.50241e-05 6.5051e-05
0.0223868 -0.0121287
0.00580017 -0.00138623
-0.0238495 0.00668564
0.000522025 0.00187474
-0.000653043 -0.000166537
0.00030455 0.000161774
-0.000314251 -0.000368454
0.0021119 -0.000226667
-0.00136037 0.00132413
-3.06265e-06 6.55539e-05
0.00593064 0.0172678
0.00138661 0.000364853
0.00893398 0.0060353
3.66848e-05 -2.0314e-05
-1.75955e-05 -8.862e-06
0.0580574 -0.0500942
-2.85092e-05 -2.53073e-05
-0.000241704 0.000126582
-0.00127766 3.05714e-05
-7.34441e-06 3.20785e-05
-0.000319054 0.00495999
-0.0119479 0.00575328
-0.000240097 0.000639968
-0.00551192 -0.00181259
-0.000483871 0.000221856
-0.00258335 -0.00721577
-0.00156111 0.000229353
-0.0531308 0.0433067
0.00204626 0.000154759
3.05194e-06 3.70182e-05
-0.00389598 -0.00363448
-0.00790076 -0.00596679
-0.0102728 0.00484104
0.000527717 -0.000355348
0.0142132 0.0380583
0.0303825 0.0123544
-4.56907e-05 -3.41199e-05
-6.94096e-05 1.21789e-05
0.00219878 0.00125069
0.00898987 0.000993049
7.29635e-05 9.20221e-05
-5.27687e-05 -5.5654e-05
0.00576358 -0.0159703
-0.000614204 -0.000198854
-0.003031 0.0176802
-9.2864e-05 -5.34598e-05
0.000379428 0.000857547
-0.00609252 0.00074205
0.00251669 0.00882988
-3.51183e-05 -3.39784e-05
-0.00011082 0.000102457
0.000255495 0.00100856
9.75579e-05 0.000272572
-6.05509e-05 -2.73595e-05
0.000188489 0.0024389
-0.00371356 0.00770991
0.00188155 0.00361638
-0.0257967 0.0184164
0.000154141 0.000107948
-0.00700794 0.00917444
-0.000736997 -0.0010674
0.00870583 -0.0401488
1.95494e-05 -0.000156857
0.0358799 -0.015653
7.88458e-06 0.000176065
0.00395237 0.0112403
0.00145148 0.013304
7.63442e-05 -5.4359e-06
0.0156344 0.0240727
0.0152296 0.0156768
-0.00770676 -0.00461615
0.00905713 -0.000243295
-0.000459052 -0.011699
-2.06362e-05 0.000449345
-0.000103202 -0.000305936
-0.015354 -0.0139133
-0.0193487 -0.0012648
2.23168e-06 8.32453e-05
-0.026825 -0.000492288
-1.52364e-05 -3.27453e-06
0.00199307 -0.0132509
-0.00160178 0.00311127
-1.3778e-05 3.56846e-05
-3.09814e-05 3.02121e-05
-0.000407472 0.000147
0.039163 0.042456
-0.000209805 0.000145674
-0.00756188 -0.00264146
0.0141514 -0.0118087
-0.0191474 0.00425059
-1.61836e-05 3.29241e-05
-5.65499e-05 -5.02001e-05
-5.31683e-05 -0.000356875
0.0034117 0.00533387
-2.41627e-05 -0.000715502
0.00391951 -0.00247937
0.000466265 -9.99384e-05
0.000454303 0.001151
0.000221592 0.0336704
-7.05719e-05 -4.32669e-06
2.65762e-05 -3.17246e-05
0.000188664 -0.000308372
0.0211716 0.0177849
0.000706084 0.00908262
0.000616021 -0.000384524
-0.0113731 0.0176452
-0.00308541 -0.00266236
-0.000869837 0.00374815
-0.000493069 0.00514953
0.00510515 0.0101601
4.71473e-05 5.97369e-05
-0.00345419 -0.00128631
0.000151121 0.0020751
0.0149515 0.000723135
-0.00050607 -0.000760458
-0.0028317 8.21545e-05
-0.00225653 0.024019
0.000194665 0.000991397
-0.00097885 -0.00263702
0.00124974 -0.000419993
-5.42942e-05 -3.02903e-05
0.00657616 -0.0100336
-3.53381e-05 3.41348e-05
-0.00763442 -7.9024e-05
-0.0323722 -0.0233033
0.000324357 0.00102699
0.00373538 0.000585003
0.0181569 0.0270501
-0.00219273 -0.00126724
-0.00419572 5.65498e-05
-5.32884e-05 -1.63256e-05
2.27243e-07 -1.09896e-07
-0.00104762 -0.000291713
0.0122687 -0.00977777
-0.0046908 0.00312152
-0.00231858 -3.29294e-05
-3.4444e-05 0.000496633
-0.00127214 -8.32719e-05
-0.0129033 -0.0257508
0.000518818 0.0225203
-1.00642e-05 -0.000589564
-8.59145e-05 0.000565089
-0.0208003 -0.0110787
-3.59602e-05 -4.89503e-05
-0.000373837 0.000691622
-0.00500067 0.00441596
0.00682948 0.0108424
0.0245388 -0.0454911
-0.00260533 -0.0336874
-0.000166181 8.54898e-05
0.00233457 -0.00378346
-0.0118681 -0.000658027
0.000288367 -0.00013604
-0.00603446 -0.022236
5.60563e-05 0.000270531
-0.0107367 0.000106199
4.97587e-05 1.33086e-05
-0.00436203 9.66428e-06
-0.00285198 5.45168e-05
-0.00278698 -0.000902954
-0.00238786 0.0168171
-7.26897e-06 3.60049e-05
-0.000982337 0.00222038
-7.15479e-05 2.70456e-05
-0.000693776 0.00712907
-0.00389942 -0.0155676
-0.00353894 -0.0257012
8.25524e-06 3.58559e-06
6.57961e-05 -7.38725e-05
0.00011901 -0.000400782
0.00681116 -0.000777373
0.00156584 -0.000915106
0.00706214 0.000435241
1.60858e-05 2.26647e-05
-0.0021654 -0.0069744
5.29364e-05 -3.64445e-05
0.00247207 -0.000425231
-0.00834617 -0.0104852
-0.00021033 0.000154465
0.00018521 0.00017358
0.0270995 0.0113651
-0.00162188 0.00649214
0.0134594 0.012423
0.00609003 0.00234598
5.18572e-06 7.63237e-05
0.000169236 -0.000125222
5.60656e-05 3.4919e-05
0.000418828 0.00760771
-0.00678021 0.014112
0.00110506 -0.00125903
-2.05101e-05 7.00857e-05
6.54459e-05 -3.42429e-05
0.000268783 -0.000189543
0.00607171 0.0170059
-0.0128669 0.0085145
0.00116555 0.016133
-2.81371e-05 1.7595e-05
0.00184926 -0.000378909
-0.00152221 0.000718325
0.0298364 -0.0142162
0.00129323 0.00148371
0.0173201 -0.00814154
2.31527e-05 7.31479e-05
-0.000739351 -0.000191752
-1.63881e-05 -0.00134801
0.00107129 0.00244948
0.00571162 0.00428032
0.000515595 -0.000269994
0.00907989 -0.000232072
-0.000137553 9.95444e-06
0.00205277 -0.00198901
-4.24534e-05 -3.22312e-05
-0.0273143 -0.013937
-0.0275324 -0.00835034
-0.00394362 -0.00193574
0.0392398 -0.0343847
-0.00105584 0.000432368
0.0547723 0.0653984
-0.00233964 -0.00893287
0.0143781 0.0278538
0.0115992 -0.0019954
-0.0188448 0.00432589
-0.014599 -0.0231395
0.00131012 -0.000444323
0.000753496 -0.00117849
-0.0125306 0.00266166
0.0113789 -0.00100434
-4.68642e-05 3.95533e-05
-1.68644e-05 -5.60209e-05
-0.00983627 0.00186609
-0.000547456 0.00277276
-5.4419e-05 -3.04598e-05
-0.00505285 0.00652102
0.047639 -0.0316226
0.000256864 0.00884183
0.0228252 0.0434128
3.43694e-06 0.00314175
0.000462305 0.00126437
0.00919329 0.00819355
0.0175934 0.00462158
0.0160101 0.0345169
0.0048842 -0.0239446
0.000931829 -0.00121414
-0.00141143 -0.00206176
-0.000852242 0.00646241
0.00534658 0.00112063
-0.0030135 -0.0357839
-0.00928384 -0.00299504
0.0183299 -0.00621159
1.46807e-05 -3.24557e-05
-0.0167866 0.00567729
0.00689785 -0.00157554
0.00995585 -0.00986053
2.94922e-05 -5.5762e-05
0.000932701 0.000137641
-0.000642024 -6.25672e-05
9.74126e-05 -0.000170678
-6.7465e-05 -9.10647e-05
-0.000227969 0.00863098
0.00092712 0.00069759
-0.000148228 0.00227625
-0.00113053 -9.37935e-05
-0.000100104 -0.00215711
-0.0264073 -0.0271052
-4.93117e-05 2.62577e-05
-0.0031876 0.00403252
-0.00147782 -0.000885222
0.0036252 -0.000186673
-2.57678e-05 3.23392e-05
0.000471903 0.00286168
0.000478454 5.79888e-05
0.00913723 0.00760289
-0.00680435 0.000129491
-0.0317641 0.0210847
0.0245038 0.00519976
-4.07674e-05 -0.0042149
-4.28809e-05 -0.000923991
-3.07737e-05 -1.06723e-05
0.0265321 0.00432596
0.00028084 0.000781462
0.00268372 0.00269931
-3.55416e-06 -6.39595e-05
0.0168548 -0.0252196
0.00235604 0.0030396
2.34321e-06 1.07214e-05
0.000926048 0.000572897
0.0224729 0.00309168
-9.45777e-05 9.84641e-06
0.0143689 0.0138622
0.00115252 0.00128731
0.00372384 0.00792986
0.00429697 0.000398375
-7.29673e-05 4.37698e-06
-0.000145946 0.000844635
1.21221e-05 -3.44217e-06
0.00336124 0.0213203
-0.00145907 0.00084506
-0.00248256 0.000604549
0.00718109 0.00565768
0.00570264 0.00192429
-0.00588761 0.00267374
-2.9047e-05 -0.000111014
-0.00797477 0.000866871
0.000236422 3.28952e-05
0.00135459 -3.98251e-06
-0.000350788 -0.000228968
1.8483e-05 3.8173e-05
0.000942767 3.54731e-05
-0.000225112 -0.000219069
0.00047297 -8.05957e-05
7.33677e-05 -8.72486e-06
0.00449443 -0.00229188
-0.00873865 0.000926239
-6.19111e-05 -0.00117484
0.0200968 -0.0108986
-0.00107056 -0.0126847
-0.000558507 0.000894576
-0.00316331 3.00495e-05
0.000175678 0.00655328
-0.000957239 -0.00279323
0.000133625 -0.00109188
-0.00910601 0.00282591
-6.71223e-05 -9.03523e-06
0.000608496 7.53701e-05
-0.000490617 0.00120949
0.0127459 0.00952379
-1.61901e-05 6.6068e-05
-0.00604053 -0.00675249
-0.0394802 0.0234974
0.00122138 0.000126948
-1.06136e-07 1.95223e-06
0.00588818 -0.00135743
1.76206e-05 -2.3067e-05
-0.000609189 7.15414e-05
-0.000179309 -0.001122
0.00262356 0.00959437
0.0179864 -0.010215
-3.69698e-05 -8.48714e-06
-0.030077 -0.0383224
0.0136334 -0.00144407
0.00193146 -0.00226056
0.00180675 -0.0073467
0.0127796 0.00381812
-5.11566e-05 -4.17531e-05
-0.0164717 -0.000602405
0.000551809 -0.000767127
-0.000196597 -0.000793591
0.000477143 0.000174077
0.0175451 0.000144237
-4.83356e-06 -7.61822e-06
2.921e-05 -1.31745e-05
-6.25886e-05 -4.09344e-05
-0.000637849 0.0170512
-0.00071333 -0.000974625
0.000894617 0.00255974
0.018654 0.0208605
0.00473382 -0.0048608
-0.00228624 0.0165227
-1.45026e-05 -5.1441e-08
0.00514674 -0.00294248
0.00624426 -0.00310254
-6.70739e-05 1.47731e-06
-0.00489215 -0.00511505
0.000185798 -0.00477406
-0.000142118 -0.000773996
-4.51766e-05 -1.56863e-05
7.40718e-05 1.90767e-05
-7.19e-05 -1.52551e-06
-0.00158691 0.001668
-1.38879e-05 -6.88247e-06
-0.00136755 0.00835414
2.76156e-05 -2.17557e-05
-5.04162e-05 5.71962e-05
-1.38506e-05 -3.26522e-06
0.000905678 0.0009773
0.000400197 0.000519574
-0.0273398 0.00314835
0.0056565 -0.00153581
8.96938e-05 -2.74573e-05
0.0420081 -0.0249497
0.000425316 -0.000271171
-0.00145338 -0.00591527
-0.0356484 -0.00329047
-6.0115e-05 -2.25082e-05
0.000508608 -0.00637841
0.00366904 -0.0375365
-0.000101115 -0.00082542
-9.55164e-05 -0.000117555
-0.000866249 0.00307436
-0.0121675 -0.00664517
-0.000435121 0.00066445
-0.0112945 -0.0153607
0.00588995 -0.000448166
0.000265917 -0.00117255
-5.49257e-05 -1.78628e-05
-0.00847147 -0.00535424
-0.00187663 0.00069293
-7.15815e-05 -9.86131e-06
0.00156683 0.00170898
-0.00855228 -0.00652669
9.89009e-05 0.000278533
0.000157729 -2.01166e-05
0.00144341 -0.000543527
-0.0140388 -0.0018665
-0.0151914 0.00915713
2.03513e-05 -1.02259e-05
-1.17943e-05 1.69426e-05
-0.000134403 0.000401184
0.0182806 0.0077437
0.00635678 0.00107051
-0.00351709 0.000109009
-0.0100924 0.00054206
-0.0175505 0.0120851
-0.000418726 0.00118646
-0.00219513 0.0056442
-0.00118531 0.00261955
-6.0752e-05 3.79961e-05
0.000347401 0.0117998
0.0248068 -0.0444478
-0.000266757 -0.000553697
0.0209597 0.0177428
0.00134693 0.000337878
-0.0128239 0.00339728
0.000136223 -0.000652485
-0.00931582 -0.0171409
-0.00367825 -0.00219604
0.00499119 0.0137457
-0.0034887 -0.0158886
-0.00923946 0.00144022
0.00732853 0.005859
0.0425962 0.0189228
-0.000220212 -0.00222676
