0.304327 -0.442733
0.0706166 0.50948
-0.127315 -0.0160313
0.0589708 -0.0142295
0.54359 -0.111256
-0.0134635 -0.065446
0.417805 -0.262663
-0.13136 0.00252402
0.181275 -0.398525
0.32235 -0.0124483
0.109045 0.0153637
0.113595 -0.480691
-0.309813 -0.429151
-0.415016 0.104259
0.169485 0.0912487
0.11587 0.0163557
0.108192 0.0209379
0.0548843 -0.419136
0.276533 -0.178241
-0.538354 -0.0167342
0.173626 0.208377
0.410469 0.102709
-0.0882971 0.0718262
-0.251269 -0.351801
0.35355 -0.400729
-0.0426639 0.00737122
-0.0902817 -0.071866
-0.0645334 -0.277778
-0.486752 -0.135097
0.11735 0.0142197
0.182713 -0.129705
0.265338 0.205654
-0.447613 -0.264858
0.167893 -0.0778072
0.0103714 -0.134811
0.475094 0.125144
-0.14136 0.0118506
0.106393 -0.108449
0.0640058 -0.0395663
0.0622385 -0.0213563
0.181431 -0.453305
-0.274287 -0.308936
-0.17454 -0.145521
-0.333494 -0.160473
0.0555145 -0.0546077
-0.0351566 0.0242149
-0.250614 0.345765
0.516805 0.0608396
-0.253398 0.172085
-0.00097066 0.122113
0.0819162 0.174574
0.11382 -0.204161
0.0680012 0.0593032
-0.079473 -0.0685281
-0.0821799 -0.0313399
-0.0468645 -0.0246549
-0.128855 -0.184018
-0.0856937 0.108458
-0.290894 0.181721
0.0267961 -0.151621
-0.059967 -0.068859
0.00254423 -0.0633891
-0.302923 -0.445345
-0.0270302 -0.177159
0.14098 -0.381886
-0.000284361 0.381941
0.101636 0.0838322
-0.0167362 -0.0724617
0.434978 -0.235661
0.309714 -0.0740208
-0.47242 0.132432
0.0614201 0.220577
-0.167123 -0.0426183
0.130573 0.069359
-0.103422 -0.121255
0.233401 -0.0250506
-0.162924 0.158583
0.0035106 -0.0751385
0.145343 0.423184
0.203282 0.0534889
0.315867 0.213383
-0.0194546 0.010773
0.00896602 0.00451565
0.516065 -0.445281
0.0149742 0.0132919
-0.124849 0.0653842
-0.203628 0.00487236
0.02028 -0.0885702
-0.01935 0.300812
-0.365797 0.176142
-0.0607895 0.162029
-0.300011 -0.0986585
-0.1481 0.0679049
-0.115813 -0.323488
-0.213555 0.0313748
-0.512078 0.417392
0.231788 0.0175301
0.00893365 0.108356
-0.225073 -0.209965
-0.296393 -0.223842
-0.350315 0.165086
0.141046 -0.0949758
0.198864 0.53249
0.494295 0.200994
0.0646037 0.0482515
-0.113138 0.0198543
0.21458 0.122056
0.359147 0.0396726
0.0759655 0.0958045
0.0391696 0.0413114
0.14858 -0.411701
-0.162356 -0.0525643
-0.0752015 0.43866
-0.104649 -0.0602494
0.0758861 0.171509
-0.318864 0.0388365
0.0994952 0.349082
0.0607822 0.0588142
-0.0931805 0.0861467
0.0473338 0.186847
0.0480608 0.134274
0.0361707 0.0163431
0.0188385 0.243755
-0.154182 0.320104
0.131117 0.25201
-0.429893 0.306903
0.107796 0.0754884
-0.236264 0.309305
-0.116201 -0.168294
0.12085 -0.557326
0.0158131 -0.126872
0.515342 -0.224824
0.00582158 0.130002
0.130357 0.370726
0.0441567 0.404732
-0.0600167 0.00427343
0.279314 0.430067
0.329229 0.338897
-0.309337 -0.185285
0.361395 -0.00970787
-0.015326 -0.390588
-0.00718919 0.156541
-0.0466083 -0.138164
-0.344514 -0.312188
-0.454711 -0.0297239
0.00313539 0.11696
-0.502465 -0.00922115
-0.10182 -0.0218929
0.0605792 -0.40276
-0.124269 0.241377
0.0320245 -0.0829514
0.0165037 -0.0160933
-0.146156 0.0527264
0.426746 0.462629
-0.114305 0.0793616
-0.328747 -0.114835
0.344536 -0.287499
-0.446395 0.0990968
0.00847544 -0.0172424
0.0390966 0.0347069
-0.0219974 -0.147647
0.17472 0.273158
-0.0059086 -0.174966
0.249516 -0.157837
0.155285 -0.0332841
0.0741256 0.187802
0.00353912 0.537761
0.044087 0.00270289
0.0703472 -0.0839769
0.0779392 -0.127387
0.388284 0.326172
0.0280671 0.361037
0.149038 -0.0930282
-0.252875 0.392331
-0.215057 -0.18557
-0.063125 0.272008
-0.029079 0.303695
0.173943 0.346175
-0.0384824 -0.0487596
-0.25837 -0.0962137
0.01695 0.232747
0.420758 0.0203502
-0.1032 -0.155076
-0.255031 0.00739907
-0.0455292 0.484622
0.0368497 0.187671
-0.0886022 -0.238692
0.194717 -0.0654383
0.0313941 0.0175149
0.215864 -0.329358
-0.0798554 0.0771356
-0.343169 -0.00355214
-0.45884 -0.330298
0.0585837 0.185489
0.274442 0.0429806
0.296793 0.442163
-0.21381 -0.123567
-0.286506 0.00386152
0.0297068 0.00910145
-0.0905561 0.043279
-0.187871 -0.0523133
0.334164 -0.266317
-0.260607 0.173422
-0.240704 -0.00341856
-0.0110966 0.159999
-0.203116 -0.0132955
-0.229969 -0.458943
0.0109818 0.476683
-0.00284935 -0.166913
-0.0249057 0.163815
-0.426601 -0.227218
0.0464608 0.0632444
-0.0852239 0.157669
-0.246929 0.218058
0.214135 0.339958
0.289437 -0.53657
-0.0415096 -0.536726
-0.11688 0.0601244
0.153087 -0.248096
-0.392087 -0.0217393
0.131536 -0.0620533
-0.125733 -0.463305
0.0286672 0.138352
-0.380691 0.00376547
-0.0805414 -0.0215438
-0.289871 0.000642224
-0.255608 0.00488606
-0.24511 -0.0794131
-0.0615391 0.433403
0.00380729 -0.018859
-0.0986983 0.223089
0.0568052 -0.0214735
-0.0326031 0.335022
-0.104545 -0.417375
-0.0678643 -0.492857
0.0941476 0.0408806
0.0794778 -0.0892285
0.0438845 -0.147782
0.33001 -0.0376648
0.193776 -0.113246
0.334719 0.0206288
0.0618088 0.0871001
-0.100396 -0.323359
-0.0627561 0.0432033
0.242699 -0.0417476
-0.253664 -0.318674
-0.112619 0.0827075
0.101405 0.0950366
0.476236 0.199725
-0.0799173 0.319897
0.32912 0.303777
0.305367 0.117633
-0.00377125 -0.055507
0.107907 -0.0798395
-0.0636133 -0.039616
0.0188533 0.342457
-0.184938 0.384923
0.144791 -0.164965
0.0132862 -0.0453995
-0.0592983 0.0310254
0.119632 -0.0843655
0.14995 0.419986
-0.354548 0.234617
0.0310785 0.430174
0.0146376 -0.00915313
0.222379 -0.0455653
-0.198765 0.0937958
0.482809 -0.230044
0.150932 0.173161
0.410764 -0.193085
-0.0177106 -0.0559532
-0.172241 -0.044671
-0.00251249 -0.206666
0.100522 0.229843
0.269071 0.201643
0.147425 -0.0771978
0.361676 -0.00924399
-0.124834 0.00903406
0.183714 -0.178008
0.0657261 0.0499017
-0.465881 -0.237713
-0.491078 -0.14894
-0.260767 -0.127998
0.459765 -0.402879
-0.182809 0.0748613
0.450661 0.538092
-0.0921302 -0.351759
0.241483 0.467808
0.385845 -0.0663762
-0.44375 0.101864
-0.26973 -0.427523
0.197109 -0.0668475
0.112464 -0.175898
-0.392977 0.083473
0.386458 -0.03411
0.0597064 -0.0503931
0.0230039 0.0764146
-0.366151 0.0694642
-0.0493857 0.25013
0.0315188 0.0176412
