0.0150223 -0.0218543
0.00314178 0.0226671
0.000100076 1.26017e-05
-0.000171503 4.13824e-05
0.0289879 -0.00593296
3.74024e-05 0.000181817
0.0168451 -0.0105901
8.57115e-05 -1.64681e-06
0.00549361 -0.0120775
0.00459936 -0.000177615
-0.000164479 -2.31732e-05
0.00458923 -0.0194199
-0.0147585 -0.0204434
-0.0119066 0.00299113
0.000452593 0.000243675
-0.000144579 -2.04081e-05
-0.000162851 -3.15169e-05
0.00152906 -0.011677
0.00415067 -0.00267534
-0.0267368 -0.000831086
0.00154912 0.00185917
0.0114623 0.00286814
0.000120986 -9.84222e-05
-0.00738803 -0.0103439
0.0172323 -0.0195319
0.000136795 -2.36344e-05
0.000118334 9.41865e-05
-0.00066283 -0.0028531
-0.0207447 -0.00575765
-0.000140902 -1.70744e-05
0.000896223 -0.000636213
0.00419295 0.00324983
-0.02045 -0.0121005
0.000368521 -0.000170786
-5.01098e-06 6.51479e-05
0.0189512 0.0049919
2.47732e-05 -2.07592e-06
3.39597e-05 -3.46228e-05
-0.000165131 0.000102079
-0.000174284 5.9803e-05
0.00713125 -0.0178174
-0.00723147 -0.00814496
-0.000898749 -0.000749312
-0.00672628 -0.00323659
-0.000139538 0.000137258
0.000113036 -7.78558e-05
-0.00715476 0.00987121
0.0236406 0.00278303
-0.00315739 0.00214422
1.01377e-06 -0.000127528
0.000220593 0.000470109
0.000644371 -0.00115583
-0.000147577 -0.000128703
0.000134546 0.000116017
0.000183847 7.011e-05
0.000143083 7.52751e-05
-0.000637613 -0.00091058
2.95416e-05 -3.73833e-05
-0.00485381 0.00303218
1.13724e-05 -6.43507e-05
0.000128195 0.000147209
-7.25337e-06 0.000180714
-0.015044 -0.0221172
-4.96618e-05 -0.000325494
0.00358681 -0.00971593
-6.19667e-06 0.00832309
-6.47455e-05 -5.34095e-05
4.35514e-05 0.000188559
0.0176394 -0.00955658
0.00427294 -0.00102122
-0.0187836 0.00526551
0.00032448 0.0011653
-0.000240318 -6.12848e-05
1.50502e-05 7.9982e-06
-7.31722e-05 -8.57823e-05
0.00133993 -0.000143814
-0.000840329 0.000817932
-9.06154e-06 0.000193946
0.00463992 0.0135098
0.000788562 0.000207493
0.00685002 0.00462753
6.68038e-05 -3.69926e-05
-3.13744e-05 -1.58018e-05
0.0455436 -0.0392969
-5.16567e-05 -4.58527e-05
2.73585e-05 -1.43312e-05
-0.000696592 1.66679e-05
-4.36204e-05 0.000190508
-0.000231038 0.00359166
-0.00924723 0.00445282
-8.95094e-05 0.000238582
-0.00405091 -0.00133214
-0.000133298 6.11171e-05
-0.00194106 -0.00542171
-0.000915758 0.000134541
-0.0417859 0.0340595
0.00128814 9.74219e-05
-1.39293e-05 -0.000168938
-0.00284076 -0.00265009
-0.00603093 -0.00455469
